0.00125126 0.281793 0
0.193304 0.40437 0
0.585009 0.239937 0
0.350291 0.447981 0
0.82284 0.373302 0
0.174108 0.429472 0
0.710501 0.256767 0
0.303995 0.00749229 0
0.0914029 0.182226 0
0.147313 0.0829493 0
0.988525 0.222846 0
0.119083 0.00233467 0
0.0089114 0.18894 0
0.531663 0.285592 0
0.601764 0.303583 0
0.166234 0.331523 0
0.450789 0.176061 0
0.0570391 0.303842 0
0.783319 0.401303 0
0.519883 0.150975 0
0.875973 0.363338 0
0.955901 0.462859 0
0.539354 0.0711692 0
0.462081 0.117664 0
0.862239 0.104801 0
0.779656 0.421827 0
0.996796 0.499847 0
0.611499 0.196219 0
0.266213 0.14864 0
0.840144 0.0118717 0
0.375866 0.0463118 0
0.677206 0.0281075 0
0.00878933 0.459395 0
0.275887 0.136448 0
0.587909 0.345592 0
0.837611 0.363247 0
0.484939 0.10268 0
0.743736 0.23423 0
0.457961 0.474578 0
0.744438 0.0541398 0
0.599048 0.192618 0
0.735008 0.304483 0
0.572405 0.18067 0
0.151555 0.112552 0
0.425153 0.40144 0
0.517106 0.494995 0
0.751549 0.172781 0
0.168981 0.328654 0
0.491897 0.0317698 0
0.699759 0.252403 0
0.147496 0.474792 0
0.141575 0.452559 0
0.692892 0.151524 0
0.426557 0.0351878 0
0.966613 0.341594 0
0.153233 0.438627 0
0.82168 0.291025 0
0.191351 0.0889462 0
0.817194 0.237632 0
0.155553 0.251961 0
0.732017 0.202795 0
0.27958 0.284371 0
0.682241 0.377926 0
0.721915 0.237648 0
0.12302 0.183905 0
0.834681 0.0175481 0
0.517014 0.331492 0
0.426222 0.0523392 0
0.949339 0.460692 0
0.549547 0.172994 0
0.471725 0.18749 0
0.84698 0.158437 0
0.456099 0.135945 0
0.982971 0.1489 0
0.739189 0.283639 0
0.19599 0.380657 0
0.839442 0.198828 0
0.5009 0.445082 0
0.0274667 0.497314 0
0.572588 0.0252541 0
0.531327 0.0970336 0
0.843043 0.313379 0
0.657613 0.0989257 0
0.842158 0.0616626 0
0.109928 0.371563 0
0.314066 0.470534 0
0.286081 0.168157 0
0.140263 0.366543 0
0.83462 0.353999 0
0.600238 0.373608 0
0.252724 0.0722373 0
0.00161748 0.0305033 0
0.806238 0.426313 0
0.210578 0.0578021 0
0.553209 0.00712607 0
0.113773 0.227256 0
0.75222 0.343074 0
0.543443 0.0369427 0
0.43672 0.10097 0
0.696219 0.145177 0
0.436689 0.116214 0
0.577868 0.266289 0
0.628681 0.0800958 0
0.504135 0.481521 0
0.695761 0.462401 0
0.189947 0.167974 0
0.17835 0.497589 0
0.457442 0.499008 0
0.0975066 0.312586 0
0.0943937 0.218863 0
0.931516 0.0242164 0
0.89462 0.145009 0
0.227302 0.384533 0
0.410718 0.100986 0
0.628071 0.302072 0
0.451613 0.233177 0
0.597827 0.317362 0
0.854793 0.414396 0
0.624775 0.360454 0
0.565752 0.187567 0
0.184271 0.368954 0
0.555132 0.452544 0
0.242866 0.08447 0
0.604724 0.349254 0
0.584613 0.175649 0
0.494461 0.0401929 0
0.740745 0.306024 0
0.62038 0.345561 0
0.804529 0.0745567 0
0.576037 0.433866 0
0.911557 0.307352 0
0.727683 0.0216071 0
0.667776 0.488266 0
0.315012 0.2846 0
0.305826 0.0869625 0
0.108554 0.434523 0
0.851222 0.372158 0
0.154881 0.163457 0
0.0793481 0.0383007 0
0.64098 0.410001 0
0.545091 0.224128 0
0.408979 0.149373 0
0.46556 0.250603 0
0.152654 0.161519 0
0.737999 0.156941 0
0.826685 0.479537 0
0.873348 0.362514 0
0.300058 0.471999 0
0.127232 0.0328684 0
0.784967 0.262291 0
0.609638 0.478057 0
0.0722678 0.437819 0
0.653859 0.161061 0
0.104801 0.252525 0
0.227088 0.145146 0
0.91998 0.275582 0
0.662801 0.057268 0
0.492538 0.189566 0
0.496811 0.39668 0
0.509262 0.191183 0
0.688162 0.266076 0
0.606281 0.197592 0
0.00589007 0.353938 0
0.10062 0.311533 0
0.863247 0.24575 0
0.747337 0.248451 0
0.380108 0.392682 0
0.552812 0.178549 0
0.955718 0.315424 0
0.17658 0.187124 0
0.131626 0.371639 0
0.95172 0.305994 0
0.0278329 0.164922 0
0.0559099 0.319605 0
0.131626 0.423536 0
0.864315 0.298441 0
0.721641 0.426984 0
0.0146794 0.0632344 0
0.707907 0.308573 0
0.217566 0.0329752 0
0.16892 0.312052 0
0.340983 0.159703 0
0.367565 0.3305 0
0.802393 0.403439 0
0.526536 0.305551 0
0.798181 0.450301 0
0.14481 0.315088 0
0.402417 0.12685 0
0.13654 0.427595 0
0.0661641 0.213904 0
0.573351 0.151143 0
0.548051 0.112781 0
0.31135 0.0553148 0
0.808039 0.0673544 0
0.284249 0.394055 0
0.89523 0.394818 0
0.743797 0.307611 0
0.361126 0.428327 0
0.228492 0.431791 0
0.229438 0.124775 0
0.542405 0.492416 0
0.0538041 0.0407117 0
0.524674 0.213401 0
0.0946684 0.129398 0
0.891537 0.116382 0
0.14655 0.0625477 0
0.931639 0.0400555 0
0.0470901 0.0293588 0
0.336406 0.45735 0
0.398602 0.216391 0
0.946165 0.418592 0
0.534227 0.421049 0
0.693533 0.198843 0
0.259163 0.00216681 0
0.52559 0.477401 0
0.398694 0.120548 0
0.585559 0.127567 0
0.684011 0.47264 0
0.435499 0.445112 0
0.00717185 0.470489 0
0.60155 0.393078 0
0.576678 0.0712149 0
0.222327 0.191504 0
0.00427259 0.20896 0
0.0822474 0.329966 0
0.855098 0.0324259 0
0.81106 0.331034 0
0.691488 0.401349 0
0.530137 0.342814 0
0.142766 0.344752 0
0.727897 0.388867 0
0.0310678 0.434339 0
0.64452 0.353282 0
0.0854518 0.275994 0
0.947905 0.0293893 0
0.274972 0.0725883 0
0.98178 0.309992 0
0.292245 0.461241 0
0.367534 0.34727 0
0.218635 0.0779595 0
0.236547 0.26072 0
0.90228 0.053209 0
0.902646 0.220862 0
0.0801111 0.391049 0
0.171789 0.487197 0
0.775872 0.435194 0
0.210639 0.228309 0
0.00375378 0.375317 0
0.114048 0.202353 0
0.311136 0.496307 0
0.0385754 0.126041 0
0.189276 0.123844 0
0.153508 0.31016 0
0.885372 0.469543 0
0.195654 0.389828 0
0.645558 0.328379 0
0.909146 0.227729 0
0.921293 0.332087 0
0.150761 0.318171 0
0.569536 0.21102 0
0.943022 0.270287 0
0.57857 0.268227 0
0.259287 0.198477 0
0.350261 0.0183111 0
0.795251 0.0982543 0
0.0702841 0.194708 0
0.590747 0.0354625 0
0.197668 0.0779443 0
0.644337 0.227165 0
0.604297 0.348674 0
0.441298 0.342235 0
0.396527 0.417859 0
0.592212 0.0997955 0
0.949461 0.438002 0
0.391705 0.493728 0
0.185308 0.447859 0
0.57445 0.22103 0
0.627338 0.354259 0
0.0496231 0.142781 0
0.260201 0.203818 0
0.895322 0.355098 0
0.728446 0.448027 0
0.393567 0.198706 0
0.903867 0.154302 0
0.388104 0.285287 0
0.353557 0.366848 0
0.745354 0.368191 0
0.739433 0.0696585 0
0.200171 0.136296 0
0.680441 0.455565 0
0.36784 0.258827 0
0.109378 0.453719 0
0.20307 0.25898 0
0.654836 0.21926 0
0.687643 0.0452132 0
0.0795618 0.0378887 0
0.0278024 0.177541 0
0.30723 0.348643 0
0.142674 0.197424 0
0.0678426 0.33787 0
0.724937 0.099353 0
0.694021 0.307855 0
0.654897 0.271996 0
0.0983001 0.272683 0
0.0496231 0.487289 0
0.464034 0.484985 0
0.727866 0.265481 0
0.679922 0.3464 0
0.372112 0.194311 0
0.0499588 0.404889 0
0.169561 0.0304117 0
0.310556 0.392239 0
0.21247 0.160955 0
0.484664 0.00457778 0
0.439863 0.253929 0
0.605945 0.379269 0
0.401074 0.174902 0
0.842647 0.47116 0
0.62331 0.498642 0
0.0534684 0.281426 0
0.863552 0.193381 0
0.306406 0.142109 0
0.0267037 0.306284 0
0.391186 0.00930815 0
0.0310373 0.227851 0
0.857936 0.468383 0
0.401898 0.363643 0
0.611591 0.404187 0
0.875423 0.291299 0
0.595019 0.0395062 0
0.793176 0.231101 0
0.590625 0.294717 0
0.569201 0.408032 0
0.67275 0.171789 0
0.0102237 0.133656 0
0.341563 0.116047 0
0.77102 0.185873 0
0.869869 0.0584277 0
0.725578 0.314463 0
0.893948 0.0915098 0
0.535569 0.451003 0
0.780084 0.482604 0
0.197363 0.450774 0
0.797418 0.476699 0
0.848811 0.445173 0
0.628712 0.0927305 0
0.616932 0.132496 0
0.250649 0.3761 0
0.78811 0.0854671 0
0.713889 0.240471 0
0.0814844 0.403272 0
0.855342 0.0623188 0
0.307474 0.28666 0
0.472976 0.381024 0
0.19187 0.363887 0
0.995025 0.00767541 0
0.647633 0.34582 0
0.174139 0.0360576 0
0.274972 0.338313 0
0.838923 0.278329 0
0.371227 0.389752 0
0.232521 0.319117 0
0.231666 0.102298 0
0.971038 0.140873 0
0.0228889 0.38461 0
0.15183 0.023484 0
0.00924711 0.174291 0
0.64388 0.171621 0
0.414563 0.208258 0
0.0906705 0.272591 0
0.699271 0.168996 0
0.657521 0.438124 0
0.535478 0.285012 0
0.0539872 0.232887 0
0.264987 0.213401 0
0.863338 0.243294 0
0.0874355 0.282907 0
0.709403 0.389233 0
0.864223 0.425275 0
0.293008 0.432188 0
0.644917 0.373424 0
0.828639 0.382809 0
0.871914 0.454161 0
0.912534 0.260979 0
0.440168 0.0538194 0
0.354015 0.411527 0
0.427717 0.0849178 0
0.000854518 0.32873 0
0.773553 0.0318613 0
0.089816 0.192831 0
0.683889 0.403806 0
0.154088 0.0714286 0
0.0484634 0.17307 0
0.0185553 0.489212 0
0.647633 0.0268258 0
0.914151 0.318735 0
0.431715 0.0105289 0
0.239592 0.195975 0
0.654012 0.390942 0
0.0228278 0.413022 0
0.138432 0.317133 0
0.550401 0.491745 0
0.463424 0.107395 0
0.300699 0.391079 0
0.34254 0.240303 0
0.60802 0.0512558 0
0.984436 0.377911 0
0.150884 0.228202 0
0.711631 0.499374 0
0.775506 0.320826 0
0.621204 0.473052 0
0.688162 0.144902 0
0.567156 0.145192 0
0.548235 0.356182 0
0.241437 0.273339 0
0.49263 0.476028 0
0.66982 0.38258 0
0.623371 0.222877 0
0.798761 0.372768 0
0.988922 0.102313 0
0.629475 0.454909 0
0.591296 0.459197 0
0.505539 0.244697 0
0.449721 0.44467 0
0.940397 0.091464 0
0.730491 0.470565 0
0.62508 0.0206763 0
0.641346 0.0172582 0
0.556352 0.27224 0
0.446333 0.0306864 0
0.996033 0.0638752 0
0.600909 0.0251778 0
0.172796 0.330119 0
0.332438 0.157979 0
0.653584 0.205267 0
0.427503 0.110813 0
0.678518 0.083224 0
0.497543 0.253822 0
0.802728 0.217536 0
0.00451674 0.169744 0
0.375896 0.0642872 0
0.827326 0.366649 0
0.89114 0.321665 0
0.650594 0.257241 0
0.73397 0.368587 0
0.957091 0.232917 0
0.363262 0.056093 0
0.90466 0.410611 0
0.454787 0.0543382 0
0.869442 0.380688 0
0.0391247 0.208335 0
0.936125 0.0338755 0
0.164861 0.10564 0
0.116916 0.295557 0
0.118351 0.309137 0
0.580096 0.345149 0
0.731559 0.457823 0
0.669729 0.149251 0
0.808863 0.189093 0
0.997497 0.386258 0
0.204413 0.085284 0
0.388256 0.0906095 0
0.580981 0.0978118 0
0.960143 0.0951262 0
0.381726 0.151997 0
0.120823 0.0990783 0
0.0462355 0.385586 0
0.76104 0.440519 0
0.00177007 0.224311 0
0.426374 0.400769 0
0.461348 0.247429 0
0.749382 0.119251 0
0.559404 0.0463729 0
0.922025 0.446913 0
0.857021 0.0298166 0
0.49089 0.316019 0
0.747215 0.378033 0
0.255745 0.454955 0
0.791986 0.0998108 0
0.552843 0.0256203 0
0.522172 0.395184 0
0.704154 0.0120243 0
0.731742 0.276681 0
0.914212 0.437773 0
0.79693 0.152715 0
0.39494 0.240944 0
0.0525834 0.325983 0
0.000854518 0.384289 0
0.756188 0.109867 0
0.154759 0.0287637 0
0.670614 0.0163427 0
0.345866 0.348933 0
0.798151 0.218131 0
0.981719 0.317774 0
0.295297 0.238487 0
0.874355 0.0396435 0
0.100986 0.0716117 0
0.14301 0.458998 0
0.308725 0.186911 0
0.220123 0.3456839 0
0.210101 0.321269 0
0.2 0.1 0.1
0.2 0.35 0.1
0.1 0.35 0.1
0.1 0.4 0.1
0.35 0.4 0.1
0.35 0.35 0.1
0.25 0.35 0.1
0.25 0.1 0.1
0.25 0.2 0.1
0.5 0.1 0.1
0.5 0.35 0.1
0.4 0.35 0.1
0.4 0.4 0.1
0.65 0.4 0.1
0.65 0.35 0.1
0.55 0.35 0.1
0.55 0.1 0.1
0.7 0.1 0.1
0.7 0.4 0.1
0.75 0.4 0.1
0.75 0.15 0.1
0.9 0.15 0.1
0.9 0.1 0.1
